172 165 165 166 169 170 170 169 169 165 164 164 162 159 157 160 161 161 165 165 164 168 169 164 165 176 179 180 177 182 187 186 186 193 191 186 201 201 206 206 205 192 188 190 186 183 179 178 179 180 176 178 177 177 179 185 187 186 188 193 191 192 193 186 165 160 147 140 136 135 134 134 137 137 140 141 144 145 148 158
151 149 141 146 147 150 153 150 148 150 147 150 146 140 142 144 146 147 154 156 161 163 162 163 162 164 173 171 170 168 167 166 172 177 187 184 185 190 196 198 197 192 185 183 174 170 169 166 163 162 161 162 161 161 162 166 169 169 172 175 177 172 164 148 136 137 128 120 108 107 106 111 109 110 115 119 125 124 130 137
151 146 146 146 148 153 150 150 151 153 148 151 148 148 151 152 155 158 163 168 169 170 171 171 173 177 181 182 180 180 183 186 192 195 188 185 156 180 198 196 203 204 197 187 180 173 171 166 157 164 164 170 180 192 204 152 181 194 201 210 216 213 213 217 216 217 216 216 214 215 208 205 191 168 144 116 84 102 142 145
144 140 137 140 141 142 146 147 147 149 150 147 141 144 146 149 151 153 160 160 164 160 170 168 167 168 174 174 174 175 175 174 178 185 181 179 182 188 191 200 206 205 161 98 57 97 173 209 215 218 218 218 218 217 218 220 220 220 219 218 217 215 215 215 216 216 215 215 213 214 214 213 213 213 214 213 212 212 216 215
147 135 129 127 133 144 152 157 155 156 154 153 151 151 152 157 158 160 166 169 172 173 173 172 173 181 178 179 178 179 179 182 189 192 190 185 187 188 190 195 214 228 217 221 221 220 219 219 218 218 218 217 218 217 217 221 221 221 223 218 125 68 47 43 40 41 41 42 206 209 213 214 214 214 214 213 211 213 215 214
223 219 135 71 139 142 144 147 146 146 143 141 139 138 141 142 141 146 155 163 167 166 162 160 153 154 157 157 154 153 154 157 158 164 164 163 99 85 222 234 233 230 230 226 224 223 221 221 219 219 219 217 155 62 206 171 155 158 168 163 136 123 125 119 122 119 116 113 112 116 113 114 113 115 115 118 94 70 55 43
218 218 218 216 185 71 126 143 138 134 136 130 135 135 139 144 148 153 155 157 161 164 162 160 162 163 164 167 166 164 167 166 173 168 49 163 219 227 231 230 230 229 227 225 220 218 218 219 218 189 73 43 117 150 156 159 162 164 166 169 161 143 131 128 127 123 122 117 114 112 111 111 111 114 115 117 118 119 120 127
217 218 219 220 220 221 219 171 153 151 153 151 152 154 153 155 158 163 164 168 168 170 170 170 173 173 174 174 170 174 175 192 224 223 219 223 224 229 231 234 227 231 229 224 223 222 221 220 208 118 142 156 162 163 160 166 169 169 170 172 173 168 151 139 133 129 126 118 115 116 114 114 115 116 117 119 121 123 127 131
218 218 218 219 221 219 221 142 155 148 151 149 151 153 152 156 156 159 164 166 168 164 165 166 165 168 168 161 104 72 220 223 224 223 221 223 225 229 229 233 231 230 227 224 223 149 190 161 167 168 166 165 164 162 165 166 167 169 171 176 175 170 169 150 137 132 124 116 116 114 114 114 118 117 115 118 123 124 125 131
220 218 219 219 220 218 219 108 152 148 152 154 153 151 153 154 155 160 163 164 166 163 166 161 163 135 62 141 206 215 218 223 223 224 222 224 225 231 234 234 230 229 222 115 31 101 159 167 164 162 160 157 158 156 154 156 155 157 157 160 162 159 154 145 135 122 118 112 110 112 110 110 112 114 115 113 114 117 118 123
221 219 219 218 217 217 45 82 138 148 152 149 152 152 152 153 156 155 159 161 165 167 166 175 210 202 213 219 218 219 220 224 226 227 220 223 225 231 234 234 231 150 37 129 156 176 178 176 172 172 171 169 169 166 165 165 163 163 167 170 173 173 172 164 155 145 130 120 117 117 116 114 118 118 121 120 125 126 132 135
221 222 222 220 219 217 132 143 159 160 156 156 158 159 156 157 161 163 167 166 168 212 218 217 219 222 221 219 217 219 223 221 221 221 219 218 225 228 232 218 142 174 176 188 188 184 179 177 169 167 165 162 157 156 157 163 169 167 175 177 180 181 170 158 148 142 145 131 114 112 115 114 114 117 120 117 120 118 127 130
221 219 217 215 143 128 136 145 148 126 143 163 160 137 114 117 133 113 53 141 212 215 216 215 215 214 214 214 221 214 216 218 218 219 218 220 137 52 153 181 189 193 200 188 179 159 162 168 172 166 170 175 165 156 164 169 172 172 175 177 181 180 180 172 148 147 149 140 129 127 121 120 122 125 128 132 125 125 129 133
160 48 29 128 126 172 132 133 143 137 128 118 142 146 135 66 80 198 211 214 213 213 214 213 216 218 214 214 214 216 217 222 222 199 88 30 104 173 189 178 190 166 179 177 176 180 162 188 180 154 147 167 163 161 164 163 165 167 168 173 174 170 158 167 161 153 146 143 136 130 129 132 127 128 126 127 123 123 126 131
56 93 114 134 148 150 146 122 104 103 116 135 142 188 194 204 210 212 214 214 214 214 215 218 214 215 216 215 215 217 217 218 30 43 137 163 174 189 193 195 200 201 198 210 178 143 153 169 170 168 169 167 167 165 168 167 171 169 173 177 178 177 168 168 156 150 145 142 137 134 130 128 127 129 127 130 132 130 132 133
119 107 119 133 143 142 142 137 121 121 153 213 213 212 212 212 212 210 213 212 216 214 214 214 214 216 216 216 217 218 212 143 132 165 174 182 186 190 198 199 167 138 183 190 192 178 174 169 171 166 169 169 167 162 168 168 166 165 162 156 148 137 123 114 115 112 113 115 115 118 125 128 123 126 128 128 127 128 129 131
146 154 149 143 148 150 128 58 134 213 213 213 213 212 212 211 213 213 216 213 214 214 214 216 216 212 213 214 207 143 173 180 177 185 184 191 168 160 181 196 201 202 195 201 208 179 158 144 143 141 143 149 154 158 157 161 165 163 171 175 178 175 171 165 160 153 145 141 135 131 133 132 130 129 130 125 132 131 130 133
156 154 150 153 84 39 170 205 208 213 212 212 212 212 213 215 214 213 212 214 213 215 213 216 182 66 36 147 172 171 179 174 169 175 190 198 194 179 157 138 139 150 167 176 178 174 175 171 166 167 166 169 168 165 166 168 169 169 174 178 178 176 170 166 159 156 147 139 136 132 133 130 130 126 126 129 129 129 132 132
160 86 45 103 198 204 210 210 212 210 213 212 212 215 210 212 212 213 213 215 216 215 135 48 40 113 135 166 170 161 159 155 158 164 169 174 187 191 194 198 194 186 180 183 181 179 178 170 171 176 173 165 155 158 163 165 167 167 173 180 179 178 174 162 149 137 128 121 119 117 118 117 119 122 121 124 123 122 126 128
219 199 202 209 214 216 215 215 214 214 214 217 212 214 213 213 214 214 215 214 187 28 47 117 135 156 162 159 150 155 162 174 178 186 180 184 188 191 195 197 198 199 187 183 181 181 175 168 169 168 167 164 167 161 163 162 166 168 169 175 174 171 168 164 159 144 141 140 136 137 130 128 126 125 126 122 126 126 127 131
220 217 216 213 212 215 213 213 217 212 210 210 212 212 211 213 213 214 214 143 122 114 132 153 161 156 161 164 172 177 180 176 180 192 194 193 192 191 190 185 175 178 173 173 172 175 173 169 165 161 156 156 158 159 155 155 163 175 178 182 188 190 185 176 164 160 148 139 138 135 133 130 130 128 131 133 132 130 130 129
213 209 210 210 211 214 213 209 211 209 210 211 210 212 211 211 212 110 132 145 130 130 139 139 139 145 146 159 160 167 171 179 181 184 182 179 181 183 176 184 185 199 200 183 176 178 174 169 167 167 163 163 163 163 160 162 164 166 168 171 172 169 166 158 152 152 129 128 144 129 120 126 122 125 125 125 123 127 125 124
215 214 214 219 215 214 211 214 214 214 215 213 202 101 31 104 131 132 134 161 152 170 177 176 168 164 167 170 174 173 176 181 182 181 184 186 184 189 193 200 178 178 182 183 178 175 173 169 167 169 169 159 159 160 161 162 163 163 168 171 175 169 154 159 155 146 140 131 132 129 129 132 125 128 124 123 122 123 125 126
218 218 216 213 212 213 212 210 207 209 169 63 29 45 85 96 111 113 124 150 176 184 174 171 162 159 148 143 131 121 128 141 168 199 207 195 187 191 192 195 188 181 198 176 183 184 174 165 169 165 163 164 163 162 163 166 167 170 176 178 183 189 188 183 169 161 155 142 132 129 128 127 125 123 124 120 119 112 114 112
220 218 216 215 216 214 218 215 106 31 35 58 93 101 114 120 113 108 106 106 108 117 146 155 147 144 159 180 175 166 151 151 168 176 167 164 152 176 183 181 180 180 175 172 169 163 163 160 158 163 154 152 151 152 153 162 163 166 160 151 143 136 141 133 132 125 123 125 125 129 128 130 129 127 127 122 121 119 113 113
215 213 212 213 212 213 186 25 48 89 103 114 126 139 147 147 145 145 149 150 143 134 134 148 150 153 158 161 163 165 165 157 149 149 147 155 167 173 180 182 185 182 180 173 167 171 164 159 152 150 151 152 154 156 158 159 164 168 169 161 142 124 115 112 116 121 128 130 129 128 122 120 117 114 119 117 117 117 121 120
217 217 217 216 158 94 126 96 102 113 118 122 127 128 133 131 133 136 142 141 142 144 147 149 153 154 161 162 165 170 170 172 172 172 165 160 135 121 158 180 184 179 180 177 176 179 182 181 171 160 140 39 35 37 43 51 62 78 102 121 154 167 171 173 160 139 128 118 113 116 116 119 119 119 118 117 118 116 115 92
158 89 117 131 144 144 140 126 127 132 140 146 148 146 146 151 154 157 161 164 169 168 169 171 166 169 167 169 162 122 82 55 37 28 30 83 152 188 217 226 222 223 223 219 219 219 219 218 217 217 217 211 210 210 211 210 207 200 186 140 81 32 162 135 137 137 128 129 124 122 123 124 119 117 117 117 114 115 78 195
144 143 148 146 145 144 146 143 145 141 144 146 147 149 154 154 161 163 166 170 165 163 160 148 134 124 78 37 97 176 202 210 212 210 214 217 218 223 224 226 222 223 223 219 218 219 218 218 217 217 217 215 214 216 215 215 215 217 218 222 228 214 218 217 217 216 217 214 193 139 40 49 68 86 99 111 107 76 120 212
90 90 92 90 95 95 99 102 101 107 110 116 119 123 128 134 132 139 141 144 147 138 170 211 212 213 210 210 211 212 212 212 215 215 216 219 223 227 228 225 223 223 223 218 220 217 218 218 216 218 217 216 217 217 217 218 217 217 218 224 217 221 223 219 218 217 214 214 214 215 208 205 204 189 127 54 81 140 206 209
159 154 157 151 148 148 148 149 150 153 155 145 139 139 142 148 146 144 125 195 210 212 213 214 214 213 213 212 212 214 215 216 216 216 218 220 220 221 222 222 219 223 222 221 219 219 219 219 219 217 217 217 217 217 217 217 217 217 219 217 219 219 218 218 216 216 214 213 212 211 211 211 211 208 212 211 209 209 208 209
171 136 102 104 123 138 143 145 146 144 149 162 164 145 140 75 40 214 211 212 212 212 212 212 212 212 212 212 214 215 216 218 219 219 220 221 222 226 229 225 223 223 222 221 220 220 219 218 217 216 216 216 216 216 216 216 216 217 218 217 216 216 216 214 214 214 213 212 210 210 211 211 210 213 210 208 208 207 208 208
156 144 139 139 129 132 130 107 98 97 95 95 129 61 48 201 208 211 214 214 214 214 214 214 214 213 214 214 218 217 217 218 219 218 219 221 225 229 229 228 222 222 224 224 222 221 219 218 217 218 218 218 218 218 218 218 219 218 218 217 218 218 218 217 217 216 214 211 210 212 212 211 212 210 209 209 208 208 208 208
94 97 101 102 107 107 109 113 120 129 146 76 41 195 207 211 211 210 209 209 210 208 209 209 211 216 211 209 210 213 212 213 213 217 220 223 226 228 226 191 117 74 50 32 27 26 26 26 29 207 214 218 217 218 218 219 219 218 218 218 218 219 218 218 216 216 214 213 212 211 211 213 209 207 207 208 209 211 209 209
154 152 150 143 145 142 139 129 135 100 47 147 205 208 209 209 211 211 211 212 213 211 209 215 210 211 211 213 214 216 218 217 217 217 218 218 66 44 24 25 25 34 49 78 101 105 112 113 114 148 141 137 127 111 81 82 135 199 218 219 218 218 170 210 218 216 215 216 214 213 214 207 208 208 208 206 207 207 207 206
170 154 159 155 157 154 149 140 151 139 203 209 210 209 209 209 209 209 208 208 210 213 210 210 215 216 212 209 209 209 210 212 216 217 225 190 53 64 121 140 138 153 155 147 147 144 149 144 141 156 157 157 153 152 146 147 149 146 142 113 82 77 23 25 22 30 49 68 138 214 209 209 208 207 207 207 206 206 206 206
155 156 159 161 154 149 142 187 213 210 209 211 210 211 211 211 208 207 208 211 215 210 209 209 211 209 209 211 211 213 217 217 216 165 90 147 144 147 156 159 159 154 156 164 161 157 158 155 156 158 156 154 149 148 147 143 144 140 141 140 145 140 108 99 91 71 41 38 73 59 211 207 207 206 205 206 206 206 206 206
156 153 153 153 143 128 166 214 216 212 210 212 211 211 211 209 208 208 209 214 210 209 210 209 209 208 212 211 212 213 214 216 136 137 168 169 162 161 171 174 177 178 174 170 167 162 162 159 159 158 162 158 152 152 152 151 152 153 153 156 155 151 138 128 129 118 110 72 51 205 209 208 208 208 210 210 207 205 206 206
158 156 155 158 161 185 216 216 216 213 213 212 211 209 209 208 208 207 215 209 209 208 208 209 208 210 213 213 214 214 218 156 140 164 163 169 169 173 181 186 188 186 178 174 169 166 165 161 161 156 156 157 156 153 154 155 157 160 157 158 160 158 138 133 120 97 22 61 206 208 209 209 208 208 207 208 207 207 207 209
131 139 149 155 148 216 217 217 216 213 212 211 211 209 209 208 208 210 218 209 209 209 209 209 209 211 210 211 212 213 88 100 114 124 127 128 133 145 147 150 160 162 155 175 167 168 165 163 161 158 156 155 155 151 153 150 150 153 152 149 148 150 142 133 105 132 210 212 211 209 209 208 208 207 207 205 207 207 209 209
157 157 164 164 142 93 215 217 216 213 212 210 209 211 209 207 207 212 212 206 208 208 208 207 208 209 209 212 212 213 117 73 137 177 190 193 189 182 178 176 179 177 169 171 162 166 164 161 156 155 154 153 154 154 150 151 147 149 149 149 146 141 135 99 155 208 211 211 211 209 209 208 208 207 207 207 207 207 211 206
138 131 148 142 115 105 213 215 214 213 212 211 209 209 209 208 209 209 217 208 210 210 210 210 211 212 213 212 212 212 210 43 71 115 138 144 150 152 159 169 176 177 170 171 161 166 162 159 156 156 152 151 154 157 157 154 152 153 155 155 156 154 93 69 119 214 213 209 211 209 209 208 208 207 207 207 207 211 208 208
167 172 173 166 120 117 210 216 216 214 212 213 212 209 211 208 210 209 215 212 208 209 208 209 209 209 209 211 213 213 213 204 42 49 87 150 164 174 172 164 155 160 168 167 158 163 161 156 154 152 153 151 148 151 148 145 150 150 148 153 109 65 39 149 208 213 212 213 214 210 211 208 205 205 207 209 211 207 208 208
180 171 172 154 81 99 211 217 217 216 213 214 212 211 210 208 208 208 208 211 206 207 207 208 208 210 211 211 211 212 212 212 211 191 48 33 48 85 171 159 148 152 166 166 162 161 158 156 155 151 149 148 148 151 151 153 144 93 61 45 35 123 204 210 211 212 211 209 209 208 207 207 207 211 211 213 209 207 208 209
141 144 149 147 116 85 123 217 217 214 212 211 211 210 209 207 207 207 209 208 215 211 208 209 209 209 211 211 212 212 214 212 213 216 214 205 129 90 182 160 156 155 161 160 160 158 156 151 148 149 145 144 154 74 61 46 33 38 111 202 208 210 212 212 211 209 209 209 208 208 208 207 207 208 211 208 207 208 209 210
106 108 140 148 104 51 27 208 213 212 211 211 211 210 210 208 209 209 209 208 209 212 210 208 210 210 211 211 210 212 213 213 214 216 215 217 219 225 225 217 221 221 220 218 216 204 198 200 204 213 217 217 218 148 139 202 208 209 212 212 213 213 212 212 211 208 209 209 208 208 208 207 209 211 206 206 207 208 207 208
84 86 84 95 91 78 209 216 217 215 215 215 212 213 213 211 209 209 209 209 209 210 211 214 212 210 211 211 211 212 213 213 214 216 216 217 219 215 218 224 221 220 220 219 219 217 216 216 215 216 217 216 216 213 212 213 215 215 214 214 213 213 212 212 210 209 209 209 207 207 209 212 208 206 207 207 207 208 209 210
151 162 156 154 143 81 57 210 216 217 215 214 214 213 212 211 211 209 209 209 211 208 209 210 210 214 213 211 210 212 212 213 214 216 216 217 218 218 227 226 219 218 218 219 217 217 216 216 214 216 216 216 216 213 214 214 214 214 214 213 212 212 212 211 209 209 209 208 214 211 209 206 206 208 207 207 208 209 209 211
152 150 137 131 136 128 83 72 190 215 216 216 215 215 215 213 213 212 211 211 210 211 211 210 211 209 212 215 214 213 212 213 214 216 216 217 218 221 222 222 220 218 220 218 217 217 217 216 216 216 214 214 214 214 213 213 213 214 214 213 213 213 214 212 211 213 212 210 209 209 208 208 209 208 209 210 211 210 211 212
162 172 160 144 141 131 109 112 61 121 216 217 215 215 215 214 214 214 214 212 212 212 212 212 212 211 212 210 212 212 215 217 217 217 217 217 220 222 223 223 222 222 219 219 218 217 217 217 216 216 214 214 214 214 213 214 213 213 211 212 215 213 213 211 210 210 209 209 209 209 209 210 210 209 211 211 212 212 213 214
124 104 102 125 156 169 146 129 128 82 68 201 219 210 174 215 216 216 214 214 213 214 212 213 213 212 212 212 212 213 214 217 217 215 217 217 218 214 218 217 219 220 220 219 218 217 216 216 215 214 213 215 216 216 215 216 217 215 214 213 213 212 212 211 211 211 208 209 209 209 210 210 210 212 212 212 213 212 213 214
152 152 150 134 116 104 98 107 128 161 159 87 75 22 37 63 94 190 214 215 216 215 214 213 214 214 212 213 212 214 216 217 215 216 217 217 219 220 218 218 218 221 219 217 218 217 215 214 216 214 214 213 213 213 214 213 213 214 213 213 213 213 212 212 211 211 211 209 211 211 211 211 211 212 213 213 214 175 77 73
169 169 165 159 156 146 141 128 118 109 106 110 133 60 35 32 24 40 72 108 200 216 214 216 214 213 214 214 214 218 218 216 217 217 217 216 221 223 223 222 222 222 220 218 217 216 217 214 217 217 215 216 216 215 215 215 216 214 217 215 214 214 214 213 213 213 211 212 213 212 213 213 214 214 213 215 31 53 22 30
152 155 153 147 142 138 144 148 147 153 154 143 122 110 97 80 37 36 30 24 36 62 88 146 212 217 217 217 220 217 216 217 217 217 217 218 222 224 224 224 224 222 218 218 218 217 217 217 217 217 216 215 217 216 215 216 215 214 214 213 214 213 213 213 213 213 213 213 213 213 213 213 214 216 217 152 36 30 67 104
121 124 119 115 119 125 125 120 121 120 114 121 126 120 110 103 99 97 75 43 36 35 26 26 42 58 69 207 215 216 217 217 217 217 217 218 222 224 224 225 225 224 219 218 217 216 217 217 217 217 217 215 217 217 217 218 217 216 217 216 216 216 216 215 215 215 214 215 214 215 214 207 111 67 66 107 108 109 116 124
160 160 165 175 182 178 176 177 176 163 153 159 153 142 130 117 113 111 109 106 102 89 62 36 30 24 25 210 216 217 217 216 217 218 218 220 223 223 226 226 226 224 223 222 222 219 220 220 220 218 218 218 218 219 218 218 213 209 184 149 120 119 216 217 216 216 212 178 99 65 67 97 120 116 110 116 115 115 117 122
141 130 110 103 103 104 115 121 107 98 99 102 99 100 101 102 102 107 108 114 109 108 108 107 100 92 70 75 55 44 79 120 162 199 217 221 223 223 223 223 225 224 224 222 72 72 72 74 76 77 71 67 62 59 53 48 38 31 25 23 23 24 123 75 57 62 104 137 126 110 112 112 110 112 115 116 119 120 119 122
97 101 113 120 112 119 108 102 101 109 117 128 138 146 149 156 142 122 118 119 121 117 115 122 121 124 115 131 135 133 144 152 137 118 102 69 50 45 54 73 92 116 128 132 24 28 30 32 31 36 38 35 32 31 34 33 32 35 40 57 74 92 112 108 126 132 112 110 110 112 114 114 120 122 119 118 120 121 120 122
144 141 133 144 146 134 132 177 190 150 126 122 106 115 123 132 141 147 148 143 142 135 128 125 131 121 119 123 104 127 176 176 134 122 141 155 170 172 175 176 176 170 156 142 111 111 108 101 107 109 104 104 106 108 105 106 107 108 105 107 108 112 148 139 121 113 113 117 126 123 120 122 123 120 120 119 122 121 120 125
143 149 172 178 188 193 154 118 114 109 113 124 134 130 118 117 118 120 124 129 139 145 149 146 135 130 128 160 142 146 144 139 158 172 165 156 144 131 117 109 113 120 123 127 129 118 120 120 122 120 119 117 117 118 120 120 117 118 119 123 128 118 118 116 119 125 128 127 125 127 120 124 121 123 120 122 123 123 124 129
